HIEROBJ  EWORLD                                             NONE                
ROOT                                                                            
1.0000000000000E+00 0.000000000000E+00  0.000000000000E+00  0.000000000000E+00  
0.000000000000E+00  1.0000000000000E+00 0.000000000000E+00  0.000000000000E+00  
0.000000000000E+00  0.000000000000E+00  1.0000000000000E+00 0.000000000000E+00  
0.000000000000E+00  0.000000000000E+00  0.000000000000E+00  1.0000000000000E+00 
HIEROBJ  EHIEROBJECT1                                       NONE                
BODYNCBF  WORLD                                   BODY1                         
1.0000000000000E+00 0.000000000000E+00  0.000000000000E+00  0.000000000000E+00  
0.000000000000E+00  1.0000000000000E+00 0.000000000000E+00  0.000000000000E+00  
0.000000000000E+00  0.000000000000E+00  1.0000000000000E+00 0.000000000000E+00  
0.000000000000E+00  0.000000000000E+00  0.000000000000E+00  1.0000000000000E+00 
HIEROBJ  EHIEROBJECT2                                       NONE                
CGTRIAD   HIEROBJECT1                                                           
-1.799140497600E-03 -4.793399998805E-07 9.9999838154531E-01 0.000000000000E+00  
1.5410002658120E-05 9.9999999988114E-01 5.0706558033655E-07 0.000000000000E+00  
-9.999983814267E-01 1.5410889999949E-05 -1.799140489999E-03 0.000000000000E+00  
-1.167525990000E-03 -8.504000000000E-08 -3.947325900000E-02 1.0000000000000E+00 
HIEROBJ  EHIEROBJECT3                                       NONE                
BODYNCBF  WORLD                                   BODY2                         
1.0000000000000E+00 0.000000000000E+00  0.000000000000E+00  0.000000000000E+00  
0.000000000000E+00  1.0000000000000E+00 0.000000000000E+00  0.000000000000E+00  
0.000000000000E+00  0.000000000000E+00  1.0000000000000E+00 0.000000000000E+00  
0.000000000000E+00  0.000000000000E+00  0.000000000000E+00  1.0000000000000E+00 
HIEROBJ  EHIEROBJECT4                                       NONE                
CGTRIAD   HIEROBJECT3                                                           
3.0258186000048E-04 9.8287986100328E-07 9.9999995422162E-01 0.000000000000E+00  
9.9999995145000E-01 -7.445980080999E-05 -3.025817859768E-04 0.000000000000E+00  
7.4459499999799E-05 9.9999999722739E-01 -1.005409998309E-06 0.000000000000E+00  
-9.701451000000E-05 1.0111500000000E-06 -2.801903110000E-02 1.0000000000000E+00 
HIEROBJ  EHIEROBJECT5                                       NONE                
BODYNCBF  WORLD                                   BODY3                         
1.0000000000000E+00 0.000000000000E+00  0.000000000000E+00  0.000000000000E+00  
0.000000000000E+00  1.0000000000000E+00 0.000000000000E+00  0.000000000000E+00  
0.000000000000E+00  0.000000000000E+00  1.0000000000000E+00 0.000000000000E+00  
0.000000000000E+00  0.000000000000E+00  0.000000000000E+00  1.0000000000000E+00 
HIEROBJ  EHIEROBJECT6                                       NONE                
CGTRIAD   HIEROBJECT5                                                           
-5.150801443015E-04 -1.360410023621E-06 9.9999986734529E-01 0.000000000000E+00  
4.1480253190426E-03 9.9999139689986E-01 3.4969642636651E-06 0.000000000000E+00  
-9.999912642510E-01 4.1480265700043E-03 -5.150700700002E-04 0.000000000000E+00  
-9.925063000000E-05 -2.378400000000E-07 -7.244159090000E-03 1.0000000000000E+00 
HIEROBJ  EHIEROBJECT7                                       NONE                
BODYNCBF  WORLD                                   BODY4                         
1.0000000000000E+00 0.000000000000E+00  0.000000000000E+00  0.000000000000E+00  
0.000000000000E+00  1.0000000000000E+00 0.000000000000E+00  0.000000000000E+00  
0.000000000000E+00  0.000000000000E+00  1.0000000000000E+00 0.000000000000E+00  
0.000000000000E+00  0.000000000000E+00  0.000000000000E+00  1.0000000000000E+00 
HIEROBJ  EHIEROBJECT8                                       NONE                
CGTRIAD   HIEROBJECT7                                                           
4.5028048990924E-08 3.3819179126546E-09 1.0000000000000E+00 0.000000000000E+00  
7.0103223583842E-01 7.1312958451840E-01 -3.397785957548E-08 0.000000000000E+00  
-7.131295845184E-01 7.0103223583842E-01 2.9740000392841E-08 0.000000000000E+00  
-1.300000000000E-09 -1.690000000000E-09 -1.417367207000E-02 1.0000000000000E+00 
HIEROBJ  EHIEROBJECT9                                       NONE                
BODYNCBF  WORLD                                   BODY5                         
1.0000000000000E+00 0.000000000000E+00  0.000000000000E+00  0.000000000000E+00  
0.000000000000E+00  1.0000000000000E+00 0.000000000000E+00  0.000000000000E+00  
0.000000000000E+00  0.000000000000E+00  1.0000000000000E+00 0.000000000000E+00  
0.000000000000E+00  0.000000000000E+00  0.000000000000E+00  1.0000000000000E+00 
HIEROBJ  EHIEROBJECT10                                      NONE                
CGTRIAD   HIEROBJECT9                                                           
6.5946393963030E-01 -6.594635216103E-01 -3.608533995858E-01 0.000000000000E+00  
7.0710702778741E-01 7.0710653458351E-01 1.7204628410656E-06 0.000000000000E+00  
2.5516066229133E-01 -2.551631094313E-01 9.3262255173483E-01 0.000000000000E+00  
5.7190074110000E-02 -5.719007682000E-02 -3.312888547000E-02 1.0000000000000E+00 
HIEROBJ  EHIEROBJECT11                                      NONE                
BODYNCBF  WORLD                                   BODY6                         
1.0000000000000E+00 0.000000000000E+00  0.000000000000E+00  0.000000000000E+00  
0.000000000000E+00  1.0000000000000E+00 0.000000000000E+00  0.000000000000E+00  
0.000000000000E+00  0.000000000000E+00  1.0000000000000E+00 0.000000000000E+00  
0.000000000000E+00  0.000000000000E+00  0.000000000000E+00  1.0000000000000E+00 
HIEROBJ  EHIEROBJECT12                                      NONE                
CGTRIAD   HIEROBJECT11                                                          
6.5946352161029E-01 6.5946393963030E-01 -3.608533995858E-01 0.000000000000E+00  
7.0710653458351E-01 -7.071070277874E-01 -1.720462850227E-06 0.000000000000E+00  
-2.551631094313E-01 -2.551606622913E-01 -9.326225517348E-01 0.000000000000E+00  
5.7190076820000E-02 5.7190074110000E-02 -3.312888547000E-02 1.0000000000000E+00 
HIEROBJ  EHIEROBJECT13                                      NONE                
BODYNCBF  WORLD                                   BODY7                         
1.0000000000000E+00 0.000000000000E+00  0.000000000000E+00  0.000000000000E+00  
0.000000000000E+00  1.0000000000000E+00 0.000000000000E+00  0.000000000000E+00  
0.000000000000E+00  0.000000000000E+00  1.0000000000000E+00 0.000000000000E+00  
0.000000000000E+00  0.000000000000E+00  0.000000000000E+00  1.0000000000000E+00 
HIEROBJ  EHIEROBJECT14                                      NONE                
CGTRIAD   HIEROBJECT13                                                          
6.5946393963029E-01 -6.594635216103E-01 3.6085339958583E-01 0.000000000000E+00  
7.0710702778741E-01 7.0710653458350E-01 -1.720462837542E-06 0.000000000000E+00  
-2.551606622913E-01 2.5516310943132E-01 9.3262255173483E-01 0.000000000000E+00  
-5.719007411000E-02 5.7190076820000E-02 -3.312888547000E-02 1.0000000000000E+00 
HIEROBJ  EHIEROBJECT15                                      NONE                
BODYNCBF  WORLD                                   BODY8                         
1.0000000000000E+00 0.000000000000E+00  0.000000000000E+00  0.000000000000E+00  
0.000000000000E+00  1.0000000000000E+00 0.000000000000E+00  0.000000000000E+00  
0.000000000000E+00  0.000000000000E+00  1.0000000000000E+00 0.000000000000E+00  
0.000000000000E+00  0.000000000000E+00  0.000000000000E+00  1.0000000000000E+00 
HIEROBJ  EHIEROBJECT16                                      NONE                
CGTRIAD   HIEROBJECT15                                                          
6.5946352161029E-01 6.5946393963029E-01 3.6085339958583E-01 0.000000000000E+00  
7.0710653458350E-01 -7.071070277874E-01 1.7204628466492E-06 0.000000000000E+00  
2.5516310943133E-01 2.5516066229132E-01 -9.326225517348E-01 0.000000000000E+00  
-5.719007682000E-02 -5.719007411000E-02 -3.312888547000E-02 1.0000000000000E+00 
HIEROBJ  EHIEROBJECT17                                      NONE                
BODYNCBF  WORLD                                   BODY9                         
1.0000000000000E+00 0.000000000000E+00  0.000000000000E+00  0.000000000000E+00  
0.000000000000E+00  1.0000000000000E+00 0.000000000000E+00  0.000000000000E+00  
0.000000000000E+00  0.000000000000E+00  1.0000000000000E+00 0.000000000000E+00  
0.000000000000E+00  0.000000000000E+00  0.000000000000E+00  1.0000000000000E+00 
HIEROBJ  EHIEROBJECT18                                      NONE                
CGTRIAD   HIEROBJECT17                                                          
1.0000000000000E+00 0.000000000000E+00  0.000000000000E+00  0.000000000000E+00  
0.000000000000E+00  1.0000000000000E+00 0.000000000000E+00  0.000000000000E+00  
0.000000000000E+00  0.000000000000E+00  1.0000000000000E+00 0.000000000000E+00  
5.6568542490000E-02 -5.656854249000E-02 -1.554162574000E-02 1.0000000000000E+00 
HIEROBJ  EHIEROBJECT19                                      NONE                
BODYNCBF  WORLD                                   BODY10                        
1.0000000000000E+00 0.000000000000E+00  0.000000000000E+00  0.000000000000E+00  
0.000000000000E+00  1.0000000000000E+00 0.000000000000E+00  0.000000000000E+00  
0.000000000000E+00  0.000000000000E+00  1.0000000000000E+00 0.000000000000E+00  
0.000000000000E+00  0.000000000000E+00  0.000000000000E+00  1.0000000000000E+00 
HIEROBJ  EHIEROBJECT20                                      NONE                
CGTRIAD   HIEROBJECT19                                                          
1.0000000000000E+00 0.000000000000E+00  0.000000000000E+00  0.000000000000E+00  
0.000000000000E+00  1.0000000000000E+00 0.000000000000E+00  0.000000000000E+00  
0.000000000000E+00  0.000000000000E+00  1.0000000000000E+00 0.000000000000E+00  
5.6568542490000E-02 5.6568542490000E-02 -1.554162574000E-02 1.0000000000000E+00 
HIEROBJ  EHIEROBJECT21                                      NONE                
BODYNCBF  WORLD                                   BODY11                        
1.0000000000000E+00 0.000000000000E+00  0.000000000000E+00  0.000000000000E+00  
0.000000000000E+00  1.0000000000000E+00 0.000000000000E+00  0.000000000000E+00  
0.000000000000E+00  0.000000000000E+00  1.0000000000000E+00 0.000000000000E+00  
0.000000000000E+00  0.000000000000E+00  0.000000000000E+00  1.0000000000000E+00 
HIEROBJ  EHIEROBJECT22                                      NONE                
CGTRIAD   HIEROBJECT21                                                          
1.0000000000000E+00 0.000000000000E+00  0.000000000000E+00  0.000000000000E+00  
0.000000000000E+00  1.0000000000000E+00 0.000000000000E+00  0.000000000000E+00  
0.000000000000E+00  0.000000000000E+00  1.0000000000000E+00 0.000000000000E+00  
-5.656854249000E-02 5.6568542490000E-02 -1.554162574000E-02 1.0000000000000E+00 
HIEROBJ  EHIEROBJECT23                                      NONE                
BODYNCBF  WORLD                                   BODY12                        
1.0000000000000E+00 0.000000000000E+00  0.000000000000E+00  0.000000000000E+00  
0.000000000000E+00  1.0000000000000E+00 0.000000000000E+00  0.000000000000E+00  
0.000000000000E+00  0.000000000000E+00  1.0000000000000E+00 0.000000000000E+00  
0.000000000000E+00  0.000000000000E+00  0.000000000000E+00  1.0000000000000E+00 
HIEROBJ  EHIEROBJECT24                                      NONE                
CGTRIAD   HIEROBJECT23                                                          
1.0000000000000E+00 0.000000000000E+00  0.000000000000E+00  0.000000000000E+00  
0.000000000000E+00  1.0000000000000E+00 0.000000000000E+00  0.000000000000E+00  
0.000000000000E+00  0.000000000000E+00  1.0000000000000E+00 0.000000000000E+00  
-5.656854249000E-02 -5.656854249000E-02 -1.554162574000E-02 1.0000000000000E+00 
HIEROBJ  EHIEROBJECT25                                      NONE                
BODYNCBF  WORLD                                   BODY13                        
1.0000000000000E+00 0.000000000000E+00  0.000000000000E+00  0.000000000000E+00  
0.000000000000E+00  1.0000000000000E+00 0.000000000000E+00  0.000000000000E+00  
0.000000000000E+00  0.000000000000E+00  1.0000000000000E+00 0.000000000000E+00  
0.000000000000E+00  0.000000000000E+00  0.000000000000E+00  1.0000000000000E+00 
HIEROBJ  EHIEROBJECT26                                      NONE                
CGTRIAD   HIEROBJECT25                                                          
9.9999997479557E-01 -2.245191699977E-04 0.000000000000E+00  0.000000000000E+00  
2.2451916999772E-04 9.9999997479557E-01 0.000000000000E+00  0.000000000000E+00  
0.000000000000E+00  0.000000000000E+00  1.0000000000000E+00 0.000000000000E+00  
5.6568542490000E-02 -5.656854249000E-02 9.0944475800000E-03 1.0000000000000E+00 
HIEROBJ  EHIEROBJECT27                                      NONE                
BODYNCBF  WORLD                                   BODY14                        
1.0000000000000E+00 0.000000000000E+00  0.000000000000E+00  0.000000000000E+00  
0.000000000000E+00  1.0000000000000E+00 0.000000000000E+00  0.000000000000E+00  
0.000000000000E+00  0.000000000000E+00  1.0000000000000E+00 0.000000000000E+00  
0.000000000000E+00  0.000000000000E+00  0.000000000000E+00  1.0000000000000E+00 
HIEROBJ  EHIEROBJECT28                                      NONE                
CGTRIAD   HIEROBJECT27                                                          
9.9999997479557E-01 -2.245191699977E-04 0.000000000000E+00  0.000000000000E+00  
2.2451916999772E-04 9.9999997479557E-01 0.000000000000E+00  0.000000000000E+00  
0.000000000000E+00  0.000000000000E+00  1.0000000000000E+00 0.000000000000E+00  
5.6568542490000E-02 5.6568542490000E-02 9.0944475800000E-03 1.0000000000000E+00 
HIEROBJ  EHIEROBJECT29                                      NONE                
BODYNCBF  WORLD                                   BODY15                        
1.0000000000000E+00 0.000000000000E+00  0.000000000000E+00  0.000000000000E+00  
0.000000000000E+00  1.0000000000000E+00 0.000000000000E+00  0.000000000000E+00  
0.000000000000E+00  0.000000000000E+00  1.0000000000000E+00 0.000000000000E+00  
0.000000000000E+00  0.000000000000E+00  0.000000000000E+00  1.0000000000000E+00 
HIEROBJ  EHIEROBJECT30                                      NONE                
CGTRIAD   HIEROBJECT29                                                          
2.2451916999772E-04 9.9999997479557E-01 0.000000000000E+00  0.000000000000E+00  
9.9999997479557E-01 -2.245191699977E-04 0.000000000000E+00  0.000000000000E+00  
0.000000000000E+00  0.000000000000E+00  -1.000000000000E+00 0.000000000000E+00  
-5.656854249000E-02 5.6568542490000E-02 9.0944475800000E-03 1.0000000000000E+00 
HIEROBJ  EHIEROBJECT31                                      NONE                
BODYNCBF  WORLD                                   BODY16                        
1.0000000000000E+00 0.000000000000E+00  0.000000000000E+00  0.000000000000E+00  
0.000000000000E+00  1.0000000000000E+00 0.000000000000E+00  0.000000000000E+00  
0.000000000000E+00  0.000000000000E+00  1.0000000000000E+00 0.000000000000E+00  
0.000000000000E+00  0.000000000000E+00  0.000000000000E+00  1.0000000000000E+00 
HIEROBJ  EHIEROBJECT32                                      NONE                
CGTRIAD   HIEROBJECT31                                                          
9.9999997479557E-01 -2.245191699977E-04 0.000000000000E+00  0.000000000000E+00  
2.2451916999772E-04 9.9999997479557E-01 0.000000000000E+00  0.000000000000E+00  
0.000000000000E+00  0.000000000000E+00  1.0000000000000E+00 0.000000000000E+00  
-5.656854249000E-02 -5.656854249000E-02 9.0944475800000E-03 1.0000000000000E+00 
HIEROBJ  EHIEROBJECT33                                      NONE                
BODYNCBF  WORLD                                   BODY17                        
1.0000000000000E+00 0.000000000000E+00  0.000000000000E+00  0.000000000000E+00  
0.000000000000E+00  1.0000000000000E+00 0.000000000000E+00  0.000000000000E+00  
0.000000000000E+00  0.000000000000E+00  1.0000000000000E+00 0.000000000000E+00  
0.000000000000E+00  0.000000000000E+00  0.000000000000E+00  1.0000000000000E+00 
HIEROBJ  EHIEROBJECT34                                      NONE                
CGTRIAD   HIEROBJECT33                                                          
1.0000000000000E+00 0.000000000000E+00  0.000000000000E+00  0.000000000000E+00  
0.000000000000E+00  1.0000000000000E+00 0.000000000000E+00  0.000000000000E+00  
0.000000000000E+00  0.000000000000E+00  1.0000000000000E+00 0.000000000000E+00  
0.000000000000E+00  0.000000000000E+00  0.000000000000E+00  1.0000000000000E+00 
HIEROBJ  EHIEROBJECT35                                      NONE                
JFCTRIAD  HIEROBJECT1                                                           
-1.799140497600E-03 -4.793399995851E-07 9.9999838154531E-01 0.000000000000E+00  
1.5410002658119E-05 9.9999999988114E-01 5.0706558004109E-07 0.000000000000E+00  
-9.999983814267E-01 1.5410889999948E-05 -1.799140489999E-03 0.000000000000E+00  
0.000000000000E+00  0.000000000000E+00  0.000000000000E+00  1.0000000000000E+00 
HIEROBJ  EHIEROBJECT36                                      NONE                
JFCTRIAD  HIEROBJECT1                                                           
-1.799140497600E-03 -4.793399995851E-07 9.9999838154531E-01 0.000000000000E+00  
1.5410002658119E-05 9.9999999988114E-01 5.0706558004109E-07 0.000000000000E+00  
-9.999983814267E-01 1.5410889999948E-05 -1.799140489999E-03 0.000000000000E+00  
-1.167525990000E-03 -8.504000000000E-08 -3.947325900000E-02 1.0000000000000E+00 
HIEROBJ  EHIEROBJECT37                                      NONE                
JFCTRIAD  HIEROBJECT3                                                           
3.0258185999976E-04 9.8287986150553E-07 9.9999995422163E-01 0.000000000000E+00  
9.9999995145000E-01 -7.445980081009E-05 -3.025817859761E-04 0.000000000000E+00  
7.4459499999902E-05 9.9999999722739E-01 -1.005409998811E-06 0.000000000000E+00  
0.000000000000E+00  0.000000000000E+00  0.000000000000E+00  1.0000000000000E+00 
HIEROBJ  EHIEROBJECT38                                      NONE                
JFCTRIAD  HIEROBJECT3                                                           
3.0258185999976E-04 9.8287986150553E-07 9.9999995422163E-01 0.000000000000E+00  
9.9999995145000E-01 -7.445980081009E-05 -3.025817859761E-04 0.000000000000E+00  
7.4459499999902E-05 9.9999999722739E-01 -1.005409998811E-06 0.000000000000E+00  
-9.701451000000E-05 1.0111500000000E-06 -2.801903110000E-02 1.0000000000000E+00 
HIEROBJ  EHIEROBJECT39                                      NONE                
JFCTRIAD  HIEROBJECT5                                                           
-5.150801443016E-04 -1.360410023626E-06 9.9999986734529E-01 0.000000000000E+00  
4.1480253190426E-03 9.9999139689986E-01 3.4969642636700E-06 0.000000000000E+00  
-9.999912642510E-01 4.1480265700043E-03 -5.150700700003E-04 0.000000000000E+00  
0.000000000000E+00  0.000000000000E+00  0.000000000000E+00  1.0000000000000E+00 
HIEROBJ  EHIEROBJECT40                                      NONE                
JFCTRIAD  HIEROBJECT5                                                           
-5.150801443016E-04 -1.360410023626E-06 9.9999986734529E-01 0.000000000000E+00  
4.1480253190426E-03 9.9999139689986E-01 3.4969642636700E-06 0.000000000000E+00  
-9.999912642510E-01 4.1480265700043E-03 -5.150700700003E-04 0.000000000000E+00  
-9.925063000000E-05 -2.378400000000E-07 -7.244159090000E-03 1.0000000000000E+00 
HIEROBJ  EHIEROBJECT41                                      NONE                
JFCTRIAD  HIEROBJECT7                                                           
4.5028049050024E-08 3.3819178736980E-09 1.0000000000000E+00 0.000000000000E+00  
7.0103223583842E-01 7.1312958451840E-01 -3.397785958913E-08 0.000000000000E+00  
-7.131295845184E-01 7.0103223583842E-01 2.9740000462297E-08 0.000000000000E+00  
0.000000000000E+00  0.000000000000E+00  0.000000000000E+00  1.0000000000000E+00 
HIEROBJ  EHIEROBJECT42                                      NONE                
JFCTRIAD  HIEROBJECT7                                                           
4.5028049050024E-08 3.3819178736980E-09 1.0000000000000E+00 0.000000000000E+00  
7.0103223583842E-01 7.1312958451840E-01 -3.397785958913E-08 0.000000000000E+00  
-7.131295845184E-01 7.0103223583842E-01 2.9740000462297E-08 0.000000000000E+00  
-1.300000000000E-09 -1.690000000000E-09 -1.417367207000E-02 1.0000000000000E+00 
HIEROBJ  EHIEROBJECT43                                      NONE                
JFCTRIAD  HIEROBJECT9                                                           
6.5946393963029E-01 -6.594635216103E-01 -3.608533995858E-01 0.000000000000E+00  
7.0710702778741E-01 7.0710653458351E-01 1.7204628410816E-06 0.000000000000E+00  
2.5516066229133E-01 -2.551631094313E-01 9.3262255173483E-01 0.000000000000E+00  
0.000000000000E+00  0.000000000000E+00  0.000000000000E+00  1.0000000000000E+00 
HIEROBJ  EHIEROBJECT44                                      NONE                
JFCTRIAD  HIEROBJECT9                                                           
6.5946393963029E-01 -6.594635216103E-01 -3.608533995858E-01 0.000000000000E+00  
7.0710702778741E-01 7.0710653458351E-01 1.7204628410816E-06 0.000000000000E+00  
2.5516066229133E-01 -2.551631094313E-01 9.3262255173483E-01 0.000000000000E+00  
5.7190074110000E-02 -5.719007682000E-02 -3.312888547000E-02 1.0000000000000E+00 
HIEROBJ  EHIEROBJECT45                                      NONE                
JFCTRIAD  HIEROBJECT11                                                          
6.5946352161029E-01 6.5946393963029E-01 -3.608533995858E-01 0.000000000000E+00  
7.0710653458351E-01 -7.071070277874E-01 -1.720462850158E-06 0.000000000000E+00  
-2.551631094313E-01 -2.551606622913E-01 -9.326225517348E-01 0.000000000000E+00  
0.000000000000E+00  0.000000000000E+00  0.000000000000E+00  1.0000000000000E+00 
HIEROBJ  EHIEROBJECT46                                      NONE                
JFCTRIAD  HIEROBJECT11                                                          
6.5946352161029E-01 6.5946393963029E-01 -3.608533995858E-01 0.000000000000E+00  
7.0710653458351E-01 -7.071070277874E-01 -1.720462850158E-06 0.000000000000E+00  
-2.551631094313E-01 -2.551606622913E-01 -9.326225517348E-01 0.000000000000E+00  
5.7190076820000E-02 5.7190074110000E-02 -3.312888547000E-02 1.0000000000000E+00 
HIEROBJ  EHIEROBJECT47                                      NONE                
JFCTRIAD  HIEROBJECT13                                                          
6.5946393963029E-01 -6.594635216103E-01 3.6085339958583E-01 0.000000000000E+00  
7.0710702778741E-01 7.0710653458350E-01 -1.720462837473E-06 0.000000000000E+00  
-2.551606622913E-01 2.5516310943132E-01 9.3262255173483E-01 0.000000000000E+00  
0.000000000000E+00  0.000000000000E+00  0.000000000000E+00  1.0000000000000E+00 
HIEROBJ  EHIEROBJECT48                                      NONE                
JFCTRIAD  HIEROBJECT13                                                          
6.5946393963029E-01 -6.594635216103E-01 3.6085339958583E-01 0.000000000000E+00  
7.0710702778741E-01 7.0710653458350E-01 -1.720462837473E-06 0.000000000000E+00  
-2.551606622913E-01 2.5516310943132E-01 9.3262255173483E-01 0.000000000000E+00  
-5.719007411000E-02 5.7190076820000E-02 -3.312888547000E-02 1.0000000000000E+00 
HIEROBJ  EHIEROBJECT49                                      NONE                
JFCTRIAD  HIEROBJECT15                                                          
6.5946352161029E-01 6.5946393963029E-01 3.6085339958583E-01 0.000000000000E+00  
7.0710653458350E-01 -7.071070277874E-01 1.7204628466883E-06 0.000000000000E+00  
2.5516310943133E-01 2.5516066229132E-01 -9.326225517348E-01 0.000000000000E+00  
0.000000000000E+00  0.000000000000E+00  0.000000000000E+00  1.0000000000000E+00 
HIEROBJ  EHIEROBJECT50                                      NONE                
JFCTRIAD  HIEROBJECT15                                                          
6.5946352161029E-01 6.5946393963029E-01 3.6085339958583E-01 0.000000000000E+00  
7.0710653458350E-01 -7.071070277874E-01 1.7204628466883E-06 0.000000000000E+00  
2.5516310943133E-01 2.5516066229132E-01 -9.326225517348E-01 0.000000000000E+00  
-5.719007682000E-02 -5.719007411000E-02 -3.312888547000E-02 1.0000000000000E+00 
HIEROBJ  EHIEROBJECT51                                      NONE                
JFCTRIAD  HIEROBJECT17                                                          
1.0000000000000E+00 0.000000000000E+00  0.000000000000E+00  0.000000000000E+00  
0.000000000000E+00  1.0000000000000E+00 0.000000000000E+00  0.000000000000E+00  
0.000000000000E+00  0.000000000000E+00  1.0000000000000E+00 0.000000000000E+00  
5.6568542494930E-02 -5.656854249493E-02 2.0199999999989E-02 1.0000000000000E+00 
HIEROBJ  EHIEROBJECT52                                      NONE                
JFCTRIAD  HIEROBJECT17                                                          
1.0000000000000E+00 0.000000000000E+00  0.000000000000E+00  0.000000000000E+00  
0.000000000000E+00  1.0000000000000E+00 0.000000000000E+00  0.000000000000E+00  
0.000000000000E+00  0.000000000000E+00  1.0000000000000E+00 0.000000000000E+00  
0.000000000000E+00  0.000000000000E+00  0.000000000000E+00  1.0000000000000E+00 
HIEROBJ  EHIEROBJECT53                                      NONE                
JFCTRIAD  HIEROBJECT17                                                          
1.0000000000000E+00 0.000000000000E+00  0.000000000000E+00  0.000000000000E+00  
0.000000000000E+00  1.0000000000000E+00 0.000000000000E+00  0.000000000000E+00  
0.000000000000E+00  0.000000000000E+00  1.0000000000000E+00 0.000000000000E+00  
5.6568542490000E-02 -5.656854249000E-02 -1.554162574000E-02 1.0000000000000E+00 
HIEROBJ  EHIEROBJECT54                                      NONE                
JFCTRIAD  HIEROBJECT19                                                          
1.0000000000000E+00 0.000000000000E+00  0.000000000000E+00  0.000000000000E+00  
0.000000000000E+00  1.0000000000000E+00 0.000000000000E+00  0.000000000000E+00  
0.000000000000E+00  0.000000000000E+00  1.0000000000000E+00 0.000000000000E+00  
5.6568542494925E-02 5.6568542494929E-02 2.0199999999989E-02 1.0000000000000E+00 
HIEROBJ  EHIEROBJECT55                                      NONE                
JFCTRIAD  HIEROBJECT19                                                          
1.0000000000000E+00 0.000000000000E+00  0.000000000000E+00  0.000000000000E+00  
0.000000000000E+00  1.0000000000000E+00 0.000000000000E+00  0.000000000000E+00  
0.000000000000E+00  0.000000000000E+00  1.0000000000000E+00 0.000000000000E+00  
0.000000000000E+00  0.000000000000E+00  0.000000000000E+00  1.0000000000000E+00 
HIEROBJ  EHIEROBJECT56                                      NONE                
JFCTRIAD  HIEROBJECT19                                                          
1.0000000000000E+00 0.000000000000E+00  0.000000000000E+00  0.000000000000E+00  
0.000000000000E+00  1.0000000000000E+00 0.000000000000E+00  0.000000000000E+00  
0.000000000000E+00  0.000000000000E+00  1.0000000000000E+00 0.000000000000E+00  
5.6568542490000E-02 5.6568542490000E-02 -1.554162574000E-02 1.0000000000000E+00 
HIEROBJ  EHIEROBJECT57                                      NONE                
JFCTRIAD  HIEROBJECT21                                                          
1.0000000000000E+00 0.000000000000E+00  0.000000000000E+00  0.000000000000E+00  
0.000000000000E+00  1.0000000000000E+00 0.000000000000E+00  0.000000000000E+00  
0.000000000000E+00  0.000000000000E+00  1.0000000000000E+00 0.000000000000E+00  
-5.656854249493E-02 5.6568542494925E-02 2.0199999999981E-02 1.0000000000000E+00 
HIEROBJ  EHIEROBJECT58                                      NONE                
JFCTRIAD  HIEROBJECT21                                                          
1.0000000000000E+00 0.000000000000E+00  0.000000000000E+00  0.000000000000E+00  
0.000000000000E+00  1.0000000000000E+00 0.000000000000E+00  0.000000000000E+00  
0.000000000000E+00  0.000000000000E+00  1.0000000000000E+00 0.000000000000E+00  
0.000000000000E+00  0.000000000000E+00  0.000000000000E+00  1.0000000000000E+00 
HIEROBJ  EHIEROBJECT59                                      NONE                
JFCTRIAD  HIEROBJECT21                                                          
1.0000000000000E+00 0.000000000000E+00  0.000000000000E+00  0.000000000000E+00  
0.000000000000E+00  1.0000000000000E+00 0.000000000000E+00  0.000000000000E+00  
0.000000000000E+00  0.000000000000E+00  1.0000000000000E+00 0.000000000000E+00  
-5.656854249000E-02 5.6568542490000E-02 -1.554162574000E-02 1.0000000000000E+00 
HIEROBJ  EHIEROBJECT60                                      NONE                
JFCTRIAD  HIEROBJECT23                                                          
1.0000000000000E+00 0.000000000000E+00  0.000000000000E+00  0.000000000000E+00  
0.000000000000E+00  1.0000000000000E+00 0.000000000000E+00  0.000000000000E+00  
0.000000000000E+00  0.000000000000E+00  1.0000000000000E+00 0.000000000000E+00  
-5.656854249493E-02 -5.656854249493E-02 2.0199999999981E-02 1.0000000000000E+00 
HIEROBJ  EHIEROBJECT61                                      NONE                
JFCTRIAD  HIEROBJECT23                                                          
1.0000000000000E+00 0.000000000000E+00  0.000000000000E+00  0.000000000000E+00  
0.000000000000E+00  1.0000000000000E+00 0.000000000000E+00  0.000000000000E+00  
0.000000000000E+00  0.000000000000E+00  1.0000000000000E+00 0.000000000000E+00  
0.000000000000E+00  0.000000000000E+00  0.000000000000E+00  1.0000000000000E+00 
HIEROBJ  EHIEROBJECT62                                      NONE                
JFCTRIAD  HIEROBJECT23                                                          
1.0000000000000E+00 0.000000000000E+00  0.000000000000E+00  0.000000000000E+00  
0.000000000000E+00  1.0000000000000E+00 0.000000000000E+00  0.000000000000E+00  
0.000000000000E+00  0.000000000000E+00  1.0000000000000E+00 0.000000000000E+00  
-5.656854249000E-02 -5.656854249000E-02 -1.554162574000E-02 1.0000000000000E+00 
HIEROBJ  EHIEROBJECT63                                      NONE                
JFCTRIAD  HIEROBJECT25                                                          
1.0000000000000E+00 0.000000000000E+00  0.000000000000E+00  0.000000000000E+00  
0.000000000000E+00  1.0000000000000E+00 0.000000000000E+00  0.000000000000E+00  
0.000000000000E+00  0.000000000000E+00  1.0000000000000E+00 0.000000000000E+00  
5.6568542494930E-02 -5.656854249493E-02 2.0199999999989E-02 1.0000000000000E+00 
HIEROBJ  EHIEROBJECT64                                      NONE                
JFCTRIAD  HIEROBJECT25                                                          
9.9999997479557E-01 -2.245191699977E-04 0.000000000000E+00  0.000000000000E+00  
2.2451916999772E-04 9.9999997479557E-01 0.000000000000E+00  0.000000000000E+00  
0.000000000000E+00  0.000000000000E+00  1.0000000000000E+00 0.000000000000E+00  
0.000000000000E+00  0.000000000000E+00  0.000000000000E+00  1.0000000000000E+00 
HIEROBJ  EHIEROBJECT65                                      NONE                
JFCTRIAD  HIEROBJECT25                                                          
9.9999997479557E-01 -2.245191699977E-04 0.000000000000E+00  0.000000000000E+00  
2.2451916999772E-04 9.9999997479557E-01 0.000000000000E+00  0.000000000000E+00  
0.000000000000E+00  0.000000000000E+00  1.0000000000000E+00 0.000000000000E+00  
5.6568542490000E-02 -5.656854249000E-02 9.0944475800000E-03 1.0000000000000E+00 
HIEROBJ  EHIEROBJECT66                                      NONE                
JFCTRIAD  HIEROBJECT27                                                          
1.0000000000000E+00 0.000000000000E+00  0.000000000000E+00  0.000000000000E+00  
0.000000000000E+00  1.0000000000000E+00 0.000000000000E+00  0.000000000000E+00  
0.000000000000E+00  0.000000000000E+00  1.0000000000000E+00 0.000000000000E+00  
5.6568542494925E-02 5.6568542494929E-02 2.0199999999989E-02 1.0000000000000E+00 
HIEROBJ  EHIEROBJECT67                                      NONE                
JFCTRIAD  HIEROBJECT27                                                          
9.9999997479557E-01 -2.245191699977E-04 0.000000000000E+00  0.000000000000E+00  
2.2451916999772E-04 9.9999997479557E-01 0.000000000000E+00  0.000000000000E+00  
0.000000000000E+00  0.000000000000E+00  1.0000000000000E+00 0.000000000000E+00  
0.000000000000E+00  0.000000000000E+00  0.000000000000E+00  1.0000000000000E+00 
HIEROBJ  EHIEROBJECT68                                      NONE                
JFCTRIAD  HIEROBJECT27                                                          
9.9999997479557E-01 -2.245191699977E-04 0.000000000000E+00  0.000000000000E+00  
2.2451916999772E-04 9.9999997479557E-01 0.000000000000E+00  0.000000000000E+00  
0.000000000000E+00  0.000000000000E+00  1.0000000000000E+00 0.000000000000E+00  
5.6568542490000E-02 5.6568542490000E-02 9.0944475800000E-03 1.0000000000000E+00 
HIEROBJ  EHIEROBJECT69                                      NONE                
JFCTRIAD  HIEROBJECT29                                                          
1.0000000000000E+00 0.000000000000E+00  0.000000000000E+00  0.000000000000E+00  
0.000000000000E+00  1.0000000000000E+00 0.000000000000E+00  0.000000000000E+00  
0.000000000000E+00  0.000000000000E+00  1.0000000000000E+00 0.000000000000E+00  
-5.656854249493E-02 5.6568542494925E-02 2.0199999999981E-02 1.0000000000000E+00 
HIEROBJ  EHIEROBJECT70                                      NONE                
JFCTRIAD  HIEROBJECT29                                                          
2.2451916999788E-04 9.9999997479557E-01 1.2246467682808E-16 0.000000000000E+00  
9.9999997479557E-01 -2.245191699979E-04 0.000000000000E+00  0.000000000000E+00  
0.000000000000E+00  1.2246467991474E-16 -1.000000000000E+00 0.000000000000E+00  
0.000000000000E+00  0.000000000000E+00  0.000000000000E+00  1.0000000000000E+00 
HIEROBJ  EHIEROBJECT71                                      NONE                
JFCTRIAD  HIEROBJECT29                                                          
2.2451916999788E-04 9.9999997479557E-01 1.2490008712229E-16 0.000000000000E+00  
9.9999997479557E-01 -2.245191699979E-04 0.000000000000E+00  0.000000000000E+00  
0.000000000000E+00  1.2490009027033E-16 -1.000000000000E+00 0.000000000000E+00  
-5.656854249000E-02 5.6568542490000E-02 9.0944475800000E-03 1.0000000000000E+00 
HIEROBJ  EHIEROBJECT72                                      NONE                
JFCTRIAD  HIEROBJECT31                                                          
1.0000000000000E+00 0.000000000000E+00  0.000000000000E+00  0.000000000000E+00  
0.000000000000E+00  1.0000000000000E+00 0.000000000000E+00  0.000000000000E+00  
0.000000000000E+00  0.000000000000E+00  1.0000000000000E+00 0.000000000000E+00  
-5.656854249493E-02 -5.656854249493E-02 2.0199999999981E-02 1.0000000000000E+00 
HIEROBJ  EHIEROBJECT73                                      NONE                
JFCTRIAD  HIEROBJECT31                                                          
9.9999997479557E-01 -2.245191699977E-04 0.000000000000E+00  0.000000000000E+00  
2.2451916999772E-04 9.9999997479557E-01 0.000000000000E+00  0.000000000000E+00  
0.000000000000E+00  0.000000000000E+00  1.0000000000000E+00 0.000000000000E+00  
0.000000000000E+00  0.000000000000E+00  0.000000000000E+00  1.0000000000000E+00 
HIEROBJ  EHIEROBJECT74                                      NONE                
JFCTRIAD  HIEROBJECT31                                                          
9.9999997479557E-01 -2.245191699977E-04 0.000000000000E+00  0.000000000000E+00  
2.2451916999772E-04 9.9999997479557E-01 0.000000000000E+00  0.000000000000E+00  
0.000000000000E+00  0.000000000000E+00  1.0000000000000E+00 0.000000000000E+00  
-5.656854249000E-02 -5.656854249000E-02 9.0944475800000E-03 1.0000000000000E+00 
HIEROBJ  EHIEROBJECT75                                      NONE                
JFCTRIAD  HIEROBJECT33                                                          
1.0000000000000E+00 0.000000000000E+00  0.000000000000E+00  0.000000000000E+00  
0.000000000000E+00  1.0000000000000E+00 0.000000000000E+00  0.000000000000E+00  
0.000000000000E+00  0.000000000000E+00  1.0000000000000E+00 0.000000000000E+00  
0.000000000000E+00  0.000000000000E+00  0.000000000000E+00  1.0000000000000E+00 
NAMEMAP   WORLD               5    5    UTF8 UTF8 ELEMENT                       
WORLD                                                                           
WORLD                                                                           
NAMEMAP   HIEROBJECT1         20   20   UTF8 UTF8 ELEMENT                       
Battery/Battery_NCBF                                                            
Battery/Battery_NCBF                                                            
NAMEMAP   HIEROBJECT2         18   18   UTF8 UTF8 ELEMENT                       
Battery/Battery_cm                                                              
Battery/Battery_cm                                                              
NAMEMAP   HIEROBJECT3         26   26   UTF8 UTF8 ELEMENT                       
BodyBottom/BodyBottom_NCBF                                                      
BodyBottom/BodyBottom_NCBF                                                      
NAMEMAP   HIEROBJECT4         24   24   UTF8 UTF8 ELEMENT                       
BodyBottom/BodyBottom_cm                                                        
BodyBottom/BodyBottom_cm                                                        
NAMEMAP   HIEROBJECT5         20   20   UTF8 UTF8 ELEMENT                       
BodyTop/BodyTop_NCBF                                                            
BodyTop/BodyTop_NCBF                                                            
NAMEMAP   HIEROBJECT6         18   18   UTF8 UTF8 ELEMENT                       
BodyTop/BodyTop_cm                                                              
BodyTop/BodyTop_cm                                                              
NAMEMAP   HIEROBJECT7         14   14   UTF8 UTF8 ELEMENT                       
Cage/Cage_NCBF                                                                  
Cage/Cage_NCBF                                                                  
NAMEMAP   HIEROBJECT8         12   12   UTF8 UTF8 ELEMENT                       
Cage/Cage_cm                                                                    
Cage/Cage_cm                                                                    
NAMEMAP   HIEROBJECT9         16   16   UTF8 UTF8 ELEMENT                       
Foot1/Foot1_NCBF                                                                
Foot1/Foot1_NCBF                                                                
NAMEMAP   HIEROBJECT10        14   14   UTF8 UTF8 ELEMENT                       
Foot1/Foot1_cm                                                                  
Foot1/Foot1_cm                                                                  
NAMEMAP   HIEROBJECT11        16   16   UTF8 UTF8 ELEMENT                       
Foot2/Foot2_NCBF                                                                
Foot2/Foot2_NCBF                                                                
NAMEMAP   HIEROBJECT12        14   14   UTF8 UTF8 ELEMENT                       
